-1.42 1.03 -0.29 1.53 -1.51 0.59 0.55 -1.66 -0.51 1.08 0.14 -0.07 
1.11 -0.93 -1.97 -0.68 -0.99 -0.13 0.78 1.55 -0.13 -0.46 0.1 0.72 
0.26 -0.14 -0.52 0.23 2.11 0.09 -0.17 0.68 -1.5 -0.42 0.11 -1.11 
0.2 -0.66 -0.6 0.31 -0.11 0.49 -0.79 1.32 -0.82 0.68 1.43 0.64 
-0.71 1.81 -1.0 -1.03 -0.28 0.51 0.63 0.28 -1.69 0.56 0.42 0.14 
0.1 1.58 -1.9 0.28 -0.82 -1.09 0.66 1.29 0.01 -1.06 -1.2 1.94 
0.46 -0.15 -0.99 -1.16 0.17 0.96 -0.01 0.53 0.19 0.3 -0.17 -1.52 
-0.06 0.05 0.57 0.87 -0.33 -0.66 2.1 0.58 -0.76 0.97 -0.12 0.16 
-0.77 -0.56 -0.13 -0.09 -1.66 -0.72 -0.87 0.19 -0.43 -0.69 1.78 0.19 
1.5 -0.29 -1.24 -1.0 -1.32 -1.74 -1.95 0.92 0.25 -0.55 0.37 -0.58 
4.19 4.41 4.47 4.61 4.38 4.98 4.37 4.92 4.43 4.71 4.4 4.49 
4.23 4.88 4.33 4.58 4.7 4.8 4.83 4.51 4.43 4.53 4.93 4.11 
4.53 4.29 4.6 4.14 4.57 4.42 4.33 4.34 4.66 4.84 4.18 4.84 
4.19 4.37 4.97 4.69 4.34 4.71 4.84 4.32 4.97 4.24 4.04 4.3 
4.76 4.39 4.35 4.76 4.63 4.41 4.06 4.24 4.2 4.41 4.96 4.79 
0.66 0.66 -0.76 0.73 -1.2 -0.51 0.43 0.38 0.17 0.29 -0.12 -0.26 
0.36 0.82 1.1 1.41 1.07 1.39 0.57 -0.06 -1.62 0.69 -0.93 -0.87 
-0.5 -1.55 -0.84 -0.32 0.94 -1.81 -0.17 -0.55 0.03 -0.0 0.64 0.38 
-1.15 0.92 -0.95 0.39 -0.46 -0.84 0.78 -1.11 1.0 1.78 0.44 0.03 
-1.33 -0.37 0.46 -2.31 0.32 0.72 -0.32 -0.24 -0.68 0.36 0.9 -0.0 
